30,15,255,255,255;
15,0,200,16,46;
16,0,255,255,255;
17,0,1,33,105;
18,0,1,33,105;
19,0,1,33,105;
20,0,1,33,105;
21,0,1,33,105;
22,0,1,33,105;
23,0,1,33,105;
24,0,1,33,105;
25,0,1,33,105;
26,0,255,255,255;
27,0,200,16,46;
28,0,200,16,46;
29,0,255,255,255;
29,1,255,255,255;
29,2,1,33,105;
29,3,1,33,105;
29,4,1,33,105;
29,5,255,255,255;
29,6,200,16,46;
29,7,200,16,46;
29,8,200,16,46;
29,9,255,255,255;
29,10,1,33,105;
29,11,1,33,105;
29,12,1,33,105;
29,13,255,255,255;
15,14,200,16,46;
16,14,255,255,255;
17,14,1,33,105;
18,14,1,33,105;
19,14,1,33,105;
20,14,1,33,105;
21,14,1,33,105;
22,14,1,33,105;
23,14,1,33,105;
24,14,1,33,105;
25,14,1,33,105;
26,14,255,255,255;
27,14,255,255,255;
28,14,255,255,255;
29,14,200,16,46;
0,7,200,16,46;
0,8,200,16,46;
0,9,255,255,255;
0,10,1,33,105;
0,11,1,33,105;
0,12,1,33,105;
0,13,255,255,255;
0,14,255,255,255;
1,14,200,16,46;
2,14,200,16,46;
3,14,255,255,255;
4,14,1,33,105;
5,14,1,33,105;
6,14,1,33,105;
7,14,1,33,105;
8,14,1,33,105;
9,14,1,33,105;
10,14,1,33,105;
11,14,1,33,105;
12,14,255,255,255;
13,14,200,16,46;
14,14,200,16,46;
0,0,200,16,46;
1,0,255,255,255;
2,0,255,255,255;
3,0,255,255,255;
4,0,1,33,105;
5,0,1,33,105;
6,0,1,33,105;
7,0,1,33,105;
8,0,1,33,105;
9,0,1,33,105;
10,0,1,33,105;
11,0,1,33,105;
12,0,255,255,255;
13,0,200,16,46;
14,0,200,16,46;
0,1,255,255,255;
0,2,1,33,105;
0,3,1,33,105;
0,4,1,33,105;
0,5,255,255,255;
0,6,200,16,46;
15,1,200,16,46;
16,1,255,255,255;
17,1,1,33,105;
18,1,1,33,105;
19,1,1,33,105;
20,1,1,33,105;
21,1,1,33,105;
22,1,1,33,105;
23,1,1,33,105;
24,1,255,255,255;
25,1,200,16,46;
26,1,200,16,46;
27,1,255,255,255;
28,1,255,255,255;
28,2,1,33,105;
28,3,1,33,105;
28,4,1,33,105;
28,5,255,255,255;
28,6,200,16,46;
28,7,200,16,46;
28,8,200,16,46;
28,9,255,255,255;
28,10,1,33,105;
28,11,1,33,105;
28,12,1,33,105;
15,13,200,16,46;
16,13,255,255,255;
17,13,1,33,105;
18,13,1,33,105;
19,13,1,33,105;
20,13,1,33,105;
21,13,1,33,105;
22,13,1,33,105;
23,13,1,33,105;
24,13,255,255,255;
25,13,255,255,255;
26,13,255,255,255;
27,13,200,16,46;
28,13,200,16,46;
1,7,200,16,46;
1,8,200,16,46;
1,9,255,255,255;
1,10,1,33,105;
1,11,1,33,105;
1,12,1,33,105;
1,13,255,255,255;
2,13,255,255,255;
3,13,200,16,46;
4,13,200,16,46;
5,13,255,255,255;
6,13,1,33,105;
7,13,1,33,105;
8,13,1,33,105;
9,13,1,33,105;
10,13,1,33,105;
11,13,1,33,105;
12,13,255,255,255;
13,13,200,16,46;
14,13,200,16,46;
1,1,200,16,46;
2,1,200,16,46;
3,1,255,255,255;
4,1,255,255,255;
5,1,255,255,255;
6,1,1,33,105;
7,1,1,33,105;
8,1,1,33,105;
9,1,1,33,105;
10,1,1,33,105;
11,1,1,33,105;
12,1,255,255,255;
13,1,200,16,46;
14,1,200,16,46;
1,2,1,33,105;
1,3,1,33,105;
1,4,1,33,105;
1,5,255,255,255;
1,6,200,16,46;
15,2,200,16,46;
16,2,255,255,255;
17,2,1,33,105;
18,2,1,33,105;
19,2,1,33,105;
20,2,1,33,105;
21,2,1,33,105;
22,2,255,255,255;
23,2,200,16,46;
24,2,200,16,46;
25,2,255,255,255;
26,2,255,255,255;
27,2,255,255,255;
27,3,1,33,105;
27,4,1,33,105;
27,5,255,255,255;
27,6,200,16,46;
27,7,200,16,46;
27,8,200,16,46;
27,9,255,255,255;
27,10,1,33,105;
27,11,1,33,105;
15,12,200,16,46;
16,12,255,255,255;
17,12,1,33,105;
18,12,1,33,105;
19,12,1,33,105;
20,12,1,33,105;
21,12,1,33,105;
22,12,255,255,255;
23,12,255,255,255;
24,12,255,255,255;
25,12,200,16,46;
26,12,200,16,46;
27,12,255,255,255;
2,7,200,16,46;
2,8,200,16,46;
2,9,255,255,255;
2,10,1,33,105;
2,11,1,33,105;
2,12,255,255,255;
3,12,255,255,255;
4,12,255,255,255;
5,12,200,16,46;
6,12,200,16,46;
7,12,255,255,255;
8,12,1,33,105;
9,12,1,33,105;
10,12,1,33,105;
11,12,1,33,105;
12,12,255,255,255;
13,12,200,16,46;
14,12,200,16,46;
2,2,255,255,255;
3,2,200,16,46;
4,2,200,16,46;
5,2,255,255,255;
6,2,255,255,255;
7,2,255,255,255;
8,2,1,33,105;
9,2,1,33,105;
10,2,1,33,105;
11,2,1,33,105;
12,2,255,255,255;
13,2,200,16,46;
14,2,200,16,46;
2,3,1,33,105;
2,4,1,33,105;
2,5,255,255,255;
2,6,200,16,46;
15,3,200,16,46;
16,3,255,255,255;
17,3,1,33,105;
18,3,1,33,105;
19,3,1,33,105;
20,3,255,255,255;
21,3,200,16,46;
22,3,200,16,46;
23,3,255,255,255;
24,3,255,255,255;
25,3,255,255,255;
26,3,1,33,105;
26,4,1,33,105;
26,5,255,255,255;
26,6,200,16,46;
26,7,200,16,46;
26,8,200,16,46;
26,9,255,255,255;
26,10,1,33,105;
15,11,200,16,46;
16,11,255,255,255;
17,11,1,33,105;
18,11,1,33,105;
19,11,1,33,105;
20,11,255,255,255;
21,11,255,255,255;
22,11,255,255,255;
23,11,200,16,46;
24,11,200,16,46;
25,11,255,255,255;
26,11,1,33,105;
3,7,200,16,46;
3,8,200,16,46;
3,9,255,255,255;
3,10,1,33,105;
3,11,1,33,105;
4,11,255,255,255;
5,11,255,255,255;
6,11,255,255,255;
7,11,200,16,46;
8,11,200,16,46;
9,11,255,255,255;
10,11,1,33,105;
11,11,1,33,105;
12,11,255,255,255;
13,11,200,16,46;
14,11,200,16,46;
3,3,1,33,105;
4,3,255,255,255;
5,3,200,16,46;
6,3,200,16,46;
7,3,255,255,255;
8,3,255,255,255;
9,3,255,255,255;
10,3,1,33,105;
11,3,1,33,105;
12,3,255,255,255;
13,3,200,16,46;
14,3,200,16,46;
3,4,1,33,105;
3,5,255,255,255;
3,6,200,16,46;
15,4,200,16,46;
16,4,255,255,255;
17,4,1,33,105;
18,4,255,255,255;
19,4,200,16,46;
20,4,200,16,46;
21,4,255,255,255;
22,4,255,255,255;
23,4,255,255,255;
24,4,1,33,105;
25,4,1,33,105;
25,5,255,255,255;
25,6,200,16,46;
25,7,200,16,46;
25,8,200,16,46;
25,9,255,255,255;
15,10,200,16,46;
16,10,255,255,255;
17,10,1,33,105;
18,10,255,255,255;
19,10,255,255,255;
20,10,255,255,255;
21,10,200,16,46;
22,10,200,16,46;
23,10,255,255,255;
24,10,1,33,105;
25,10,1,33,105;
4,7,200,16,46;
4,8,200,16,46;
4,9,255,255,255;
4,10,1,33,105;
5,10,1,33,105;
6,10,255,255,255;
7,10,255,255,255;
8,10,255,255,255;
9,10,200,16,46;
10,10,200,16,46;
11,10,255,255,255;
12,10,255,255,255;
13,10,200,16,46;
14,10,200,16,46;
4,4,1,33,105;
5,4,1,33,105;
6,4,255,255,255;
7,4,200,16,46;
8,4,200,16,46;
9,4,255,255,255;
10,4,255,255,255;
11,4,255,255,255;
12,4,255,255,255;
13,4,200,16,46;
14,4,200,16,46;
4,5,255,255,255;
4,6,200,16,46;
15,5,200,16,46;
16,5,255,255,255;
17,5,255,255,255;
18,5,255,255,255;
19,5,255,255,255;
20,5,255,255,255;
21,5,255,255,255;
22,5,255,255,255;
23,5,255,255,255;
24,5,255,255,255;
24,6,200,16,46;
24,7,200,16,46;
24,8,200,16,46;
15,9,200,16,46;
16,9,255,255,255;
17,9,255,255,255;
18,9,255,255,255;
19,9,255,255,255;
20,9,255,255,255;
21,9,255,255,255;
22,9,255,255,255;
23,9,255,255,255;
24,9,255,255,255;
5,7,200,16,46;
5,8,200,16,46;
5,9,255,255,255;
6,9,255,255,255;
7,9,255,255,255;
8,9,255,255,255;
9,9,255,255,255;
10,9,255,255,255;
11,9,255,255,255;
12,9,255,255,255;
13,9,200,16,46;
14,9,200,16,46;
5,5,255,255,255;
6,5,255,255,255;
7,5,255,255,255;
8,5,255,255,255;
9,5,255,255,255;
10,5,255,255,255;
11,5,255,255,255;
12,5,255,255,255;
13,5,200,16,46;
14,5,200,16,46;
5,6,200,16,46;
15,6,200,16,46;
16,6,200,16,46;
17,6,200,16,46;
18,6,200,16,46;
19,6,200,16,46;
20,6,200,16,46;
21,6,200,16,46;
22,6,200,16,46;
23,6,200,16,46;
23,7,200,16,46;
15,8,200,16,46;
16,8,200,16,46;
17,8,200,16,46;
18,8,200,16,46;
19,8,200,16,46;
20,8,200,16,46;
21,8,200,16,46;
22,8,200,16,46;
23,8,200,16,46;
6,7,200,16,46;
6,8,200,16,46;
7,8,200,16,46;
8,8,200,16,46;
9,8,200,16,46;
10,8,200,16,46;
11,8,200,16,46;
12,8,200,16,46;
13,8,200,16,46;
14,8,200,16,46;
6,6,200,16,46;
7,6,200,16,46;
8,6,200,16,46;
9,6,200,16,46;
10,6,200,16,46;
11,6,200,16,46;
12,6,200,16,46;
13,6,200,16,46;
14,6,200,16,46;
15,7,200,16,46;
16,7,200,16,46;
17,7,200,16,46;
18,7,200,16,46;
19,7,200,16,46;
20,7,200,16,46;
21,7,200,16,46;
22,7,200,16,46;
7,7,200,16,46;
8,7,200,16,46;
9,7,200,16,46;
10,7,200,16,46;
11,7,200,16,46;
12,7,200,16,46;
13,7,200,16,46;
14,7,200,16,46;
